=== conv1 ===
# act_scale=0.019733209162950516, act_zero_point=0
# wt_scales=0.015690632164478302, wt_zero_points=0
[[[[ 32, -16, -30],
   [ 78, -37, -88],
   [127,  34, -13]]],


 [[[-53, -32, -70],
   [ -1, -56, -48],
   [ 80,  88,  37]]],


 [[[-82, -31,  38],
   [ 13, 118,  43],
   [  9,  63,   6]]],


 [[[ 79, 109,  45],
   [-65,  -8, -27],
   [-43,  48,  63]]]]

=== conv2 ===
# act_scale=0.09849250316619873, act_zero_point=0
# wt_scales=0.032347168773412704, wt_zero_points=0
[[[[  21,    3,  -11],
   [  27,   -6,  -12],
   [  18,   14,   -7]],

  [[ -21,   -2,   18],
   [  -8,    5,   22],
   [  -6,   24,   22]],

  [[   9,   17,   15],
   [  -9,   10,    2],
   [   0,    8,    2]],

  [[  -8,   13,   17],
   [  -8,    5,  -16],
   [  14,    5,    8]]],


 [[[  -9,   12,    9],
   [  -9,    5,   -3],
   [   5,   32,   28]],

  [[  52,  -12,  -26],
   [ -13,   15,  -28],
   [ -25,  -70,  -56]],

  [[ -12,   12,   29],
   [ -12,    1,    0],
   [  -1,   13,   15]],

  [[ -40,    2,   -6],
   [ -37,   10,    2],
   [  -3,   10,   11]]],


 [[[   8,   -7,   23],
   [ -25,  -28,  -17],
   [ -11,   12,    2]],

  [[ -28,  -12,  -63],
   [  27,   29,  -31],
   [  10,   33,    4]],

  [[  -8,   13,    6],
   [ -11,  -47,  -37],
   [  10,   -8,    0]],

  [[  -3,    2,   17],
   [  -3,    6,   -4],
   [   0,   12,  -44]]],


 [[[  16,    7,  -13],
   [ -27,  -34,  -15],
   [ -45,  -11,   13]],

  [[  32,   15,   -6],
   [  39,    3,   -4],
   [  30,  -11,   -5]],

  [[  22,   18,   26],
   [   4,    2,   23],
   [  -7,    3,   28]],

  [[   9,    3,   25],
   [ -20,   -8,   17],
   [  10,   10,   23]]],


 [[[-106,   17,  -11],
   [  11,   -7,  -12],
   [ -12,   -5,  -16]],

  [[ -20,   14,  -32],
   [  -1,   23,   21],
   [  15,   35,   31]],

  [[ -40,  -17,  -89],
   [  19,   19,    8],
   [ -13,    0,    4]],

  [[-128,   -2,  -87],
   [  26,   13,   29],
   [  -4,  -13,    7]]]]

=== fc ===
# act_scale=0.10143663734197617, act_zero_point=255
# wt_scales=0.012161491438746452, wt_zero_points=0
[[ -19,   60,  -75,  -85,   40],
 [ -89,   39, -127,   24,  -61],
 [ -36,  -44,   32,  -19,   34],
 [ -54, -105,   40,    5,   56],
 [ -17,  -22,  -20,   24, -112],
 [  27,  -53,   60,  -62,   20],
 [  44,   19,   38,  -65,  -89],
 [-124,  -15,   30,   35,   -2],
 [  48,  -43,  -76,  -66,   37],
 [   4,  -53,  -50,   -4,  -16]]

