=== conv1 ===
# act_scale=0.043525878340005875, act_zero_point=0
# wt_scales=[0.014661247842013836, 0.009621678851544857, 0.016903571784496307, 0.016156330704689026], wt_zero_points=[0, 0, 0, 0]
[[[[  37,   54,   70],
   [  16,   21,    4],
   [-127, -110,  -66]]],


 [[[ 101,   55,  -10],
   [ 108,  127,  -61],
   [  76,   26,  -10]]],


 [[[  33,   55,  127],
   [ -26,  -27,   43],
   [ -15,   22,   52]]],


 [[[ -41,  -24,  -33],
   [  -4,  -19,  -34],
   [ 127,   66,   37]]]]

=== conv2 ===
# act_scale=0.1197623610496521, act_zero_point=0
# wt_scales=[0.0158639345318079, 0.01683664880692959, 0.01663593202829361, 0.014574878849089146, 0.01528002880513668], wt_zero_points=[0, 0, 0, 0, 0]
[[[[  40,  -47,   22],
   [ -92,  -11,   31],
   [  15,   52,   71]],

  [[ -32,  -61,   -8],
   [-128,   17,   13],
   [ -79,  -34,   -9]],

  [[  37,  -34,  -49],
   [ -66,    9,   31],
   [ -90,  -12,  -24]],

  [[  31,    8,    4],
   [ -14,    7,   -9],
   [-102,   -4,  -15]]],


 [[[ -39,   11,    5],
   [ -52,  -20,  -51],
   [ -18,   -4,  -29]],

  [[  25,   19,  -31],
   [  -3,   13,   29],
   [ -40,    6,  -19]],

  [[   0,   13,  -32],
   [   4,   10,   27],
   [  12,   32,  -36]],

  [[  -8,  -49, -102],
   [ -17,  -19,  -19],
   [  18,  127,  -14]]],


 [[[ -16,   40,    8],
   [ -14,  -10, -127],
   [  11,   -7,  -29]],

  [[   1,  -24,    9],
   [ -41,   -5,    4],
   [  15,   -6,   17]],

  [[   6,  -23,   -7],
   [ -28,  -28,  -44],
   [  -4,   28,   -1]],

  [[  11,   52,   32],
   [  32,   63,   -7],
   [   3,   -6,   -9]]],


 [[[  -9,  -16,   21],
   [ 127,   37,   14],
   [  11,  -38,    6]],

  [[  11,  -16,   -9],
   [ -41,  -19,   -2],
   [ -35,   40,   94]],

  [[  -5,  -17,   42],
   [ -23,   25,   51],
   [   8,    5,   19]],

  [[  48,   28,  -66],
   [  12,  -17,  -91],
   [ -27,  -14,  -66]]],


 [[[  -3,  127,   37],
   [   7,  -12,   20],
   [   2,  -24,   21]],

  [[ -10,  -16,  -33],
   [   4,    1,   -6],
   [   9,    7,    6]],

  [[   3,   15,   47],
   [ -16,  -11,  -29],
   [ -10,   10,    6]],

  [[  39,    4,   25],
   [  36,    9,   -7],
   [   7,   52,   26]]]]

=== fc ===
# act_scale=0.15568602085113525, act_zero_point=0
# wt_scales=[0.01199777889996767, 0.019204426556825638, 0.009196693077683449, 0.012112812139093876, 0.0065767886117100716, 0.007873971946537495, 0.02034098096191883, 0.009297870099544525, 0.008378400467336178, 0.010589716956019402], wt_zero_points=[0, 0, 0, 0, 0, 0, 0, 0, 0, 0]
[[-111,  119,  -91,  -36,    2],
 [  35,   62,  -75,   62, -123],
 [ 110,   23,   -1,  -27,   -1],
 [ 109,  -20,  -45,  -28,   38],
 [-103,   17,  -57,  127, -113],
 [  -9,  -33,   39, -112,  117],
 [-116,   24,   34,  -35,   17],
 [  74,  -97,   85,   60,  -51],
 [ -50,    1, -122,  -40,  100],
 [-109, -110,  -15,   64,   24]]

