=== conv1.weight (qint8) ===
# scale = 0.03516734391450882, zero_point = 0
[[[[  43,   59,  127],
   [ -22,  -22,   30],
   [  -4,   18,   31]]],


 [[[  79,   43,   87],
   [  50,    6,    9],
   [ -29, -128,  -80]]],


 [[[  27,  -21,  -22],
   [  77,  -39,  -44],
   [ 127,  -24,  -32]]],


 [[[ -55,  -87, -128],
   [   7,  -15,  -11],
   [ 114,   23,   22]]]]

=== conv2.weight (qint8) ===
# scale = 0.05720742791891098, zero_point = 0
[[[[  15,   29,   17],
   [ -12,  -17,  -18],
   [   2,   -8,  -14]],

  [[  11,    8,   -8],
   [  16,   20,  -15],
   [ -62,    1,   12]],

  [[  -6,   -5,    2],
   [ -23,  -12,  -15],
   [  45,    0,    2]],

  [[  25,   20,   41],
   [  35,    8,   23],
   [ 127,  -22,  -32]]],


 [[[   8,   38,  -22],
   [   4,  -11,  -18],
   [ -20,    3,    3]],

  [[ -22,   25,   58],
   [ -23,   24,   14],
   [  -9,    8,   19]],

  [[ -23,   22,  -29],
   [  -7, -127,  -45],
   [   7,   17,    1]],

  [[  -1,   -8,   14],
   [  18,    1,  -21],
   [  -3,  -20,  -19]]],


 [[[  11,  -14,   -4],
   [ -17,   -5,    0],
   [   0,  -15,  -54]],

  [[  -4,    0,   18],
   [   0,    8,    0],
   [   1,  -22, -105]],

  [[  10,   12,    6],
   [ -10,  -25,   -5],
   [ -17,  -21,   25]],

  [[  -5,  -28,  -28],
   [ -28,   38,   41],
   [  19,  127,  -31]]],


 [[[   3,   12,  -21],
   [ -28,   28,  -28],
   [   0,   75,   12]],

  [[ -98,    8,   -3],
   [ -38,    7,   -3],
   [ -90,    7,   -6]],

  [[-128,   39,  -11],
   [ -67,  -28,   -9],
   [   7,   44,    7]],

  [[  39,  -48,  -19],
   [   4,   -7,  -56],
   [   6,   12,    5]]],


 [[[  -2,  -14,  -10],
   [ -23,    2,   15],
   [  -2,   -5,   -5]],

  [[  10,   -5,    0],
   [ -36,    1,    5],
   [  25,   12,   10]],

  [[ -16,  -10,   -3],
   [ -65,    7,   -1],
   [-128,  -14,   -5]],

  [[ -11,   -3,    0],
   [ -39,    1,   -2],
   [ -85,  -48,    0]]]]

=== fc.weight (qint8) ===
# scale = 0.22913973033428192, zero_point = 127
[[ -88,  -60,  -41,   17, -128],
 [-119, -127,  -54,   -8,   52],
 [-128,  -67,   38, -106,   54],
 [ -19,   -8,   -8, -127,   23],
 [-127,   47,  -28,  -47,  -80],
 [  27,  -15,   10, -128,  -58],
 [ -26,  -96,   90,  -64, -127],
 [-128,   32,  -35,  -83,    0],
 [  50,  -72,  -64, -127,  -60],
 [ -27,   60,  -91, -127, -109]]

