=== conv1 ===
# act_scale=0.02147417515516281, act_zero_point=0
# wt_scales=0.013250735588371754, wt_zero_points=0
[[[[  72,   69,  -90],
   [  56,    9,  -98],
   [ -15,  -45,  -55]]],


 [[[  49,   46,   91],
   [  24,   14,    5],
   [-126, -103,  -59]]],


 [[[ -22,   79,   95],
   [-105,   82,   32],
   [ -92,   66,   58]]],


 [[[ -12,  -95, -128],
   [  49,   -6,  -29],
   [  86,   84,   45]]]]

=== conv2 ===
# act_scale=0.038708001375198364, act_zero_point=0
# wt_scales=0.027333257719874382, wt_zero_points=0
[[[[-101,    1,  -15],
   [ -70,  -17,   16],
   [   4,  -11,  -19]],

  [[  -3,   27,   43],
   [   6,   20,    0],
   [  -5,  -16,   33]],

  [[   8,   11,  -19],
   [ -17,  -22,  -15],
   [  -3,    3,    7]],

  [[ -76,    6,   -5],
   [   9,   -7,  -10],
   [  -1,    0,   -6]]],


 [[[   0,   22,   24],
   [  17,    6,   -7],
   [   6,   10,   11]],

  [[   2,   -5,    2],
   [ -13,    6,    2],
   [ -17,    2,   -2]],

  [[   5,    7,   13],
   [  18,    4,   28],
   [  26,  -13,  -45]],

  [[  -1,  -10,  -35],
   [  -7,  -28,   14],
   [ -22,  -21,  -11]]],


 [[[ -32, -121, -118],
   [ -43,    3,   36],
   [ -12,   11,   26]],

  [[ -28,  -79,  -92],
   [ -18,   20,  -31],
   [ -33,   17,  -29]],

  [[ -17,   -2, -101],
   [  21,   19,    0],
   [  11,   10,  -18]],

  [[ -62,    4,  -43],
   [  -9,  -16,   -3],
   [ -12,    3,  -16]]],


 [[[   2,    1,   10],
   [ -14,    1,    9],
   [ -27,  -13,   10]],

  [[  16,   17,    6],
   [  13,    0,  -11],
   [  -6,   13,   -6]],

  [[   4,    5,    0],
   [ -12,  -10,  -11],
   [   6,   -5,   -7]],

  [[   3,    6,   15],
   [ -10,    0,   -3],
   [  59,    4,  -31]]],


 [[[  15,  -56, -127],
   [ -50,   42,   -1],
   [ -30,  -28,    1]],

  [[ -14,  -19,   31],
   [ -80,  -12,   34],
   [  -6,   42,   46]],

  [[  33,  -50,  -42],
   [ -73,   22,   16],
   [ -48,  -15,   -2]],

  [[ -38,   -3,    9],
   [ -89,   -6,  -21],
   [-113,  -33,  -14]]]]

=== fc ===
# act_scale=0.09661891311407089, act_zero_point=255
# wt_scales=0.01837127096951008, wt_zero_points=0
[[ -50,   23,  -45,  -45,  -79],
 [ -60,  -10,   31, -128,   25],
 [ -18,  -43,  -19,  -21,   31],
 [  16, -100,   -9,    4,   36],
 [  37,  -31,   12,  -67,  -47],
 [  -5,  -79,  -34,   49,  -37],
 [ -74,  -50,   18,   28, -118],
 [  17,    9,  -84,  -78,    7],
 [ -63,  -25,  -34,   17,  -20],
 [  36,  -15,  -72,  -27,  -67]]

