=== conv1 ===
# act_scale=0.05193464085459709, act_zero_point=0
# wt_scales=[0.014568928629159927, 0.01387806236743927, 0.01112242229282856, 0.013057942502200603], wt_zero_points=[0, 0, 0, 0]
[[[[  26,   27,   78],
   [ -10,   19,   -3],
   [ -89, -127, -128]]],


 [[[ 127,   84,  -20],
   [  82,   80,  -61],
   [ 101,  -15,  -60]]],


 [[[  -6,  -77, -113],
   [  58,  -11,  -24],
   [  38,   79,  127]]],


 [[[  27,   20,   37],
   [  55, -120,  127],
   [ -24,  -26,   14]]]]

=== conv2 ===
# act_scale=0.08985479176044464, act_zero_point=0
# wt_scales=[0.013014506548643112, 0.029650578275322914, 0.016552455723285675, 0.018158910796046257, 0.016266141086816788], wt_zero_points=[0, 0, 0, 0, 0]
[[[[ -72,  -66,    0],
   [   0,  -94,  -77],
   [ -13,   -4,  -79]],

  [[ -77,   29,   10],
   [ -61,    2,   16],
   [ -27,    6,  -30]],

  [[  14,   25,   17],
   [ -15,   29,   -2],
   [ -54,  -13,  127]],

  [[ -48,   15,   33],
   [  -9,   44,   -2],
   [  18,   21,  -18]]],


 [[[   1,   39,  -39],
   [  -8,   21,  -35],
   [ -11,   16,  -23]],

  [[   3,  -21, -128],
   [  -2,   23,   40],
   [ -32,   -2,   17]],

  [[ -11,    2,  -57],
   [  -9,    6,  -28],
   [  -3,   12,  -20]],

  [[ -14,   33, -114],
   [  10,   34,    5],
   [ -16,   -6,  -15]]],


 [[[   5,  127,   65],
   [  26,   17,  -51],
   [ -31,  -49,   30]],

  [[ -31,   -1,    5],
   [   1,    3,    3],
   [  -8,  -15,  -10]],

  [[ -81,   20,   13],
   [   3,   13,    3],
   [ -11,   -9,    6]],

  [[  -7,   -1,  -28],
   [ -54,  -33,  -42],
   [  22,   14,    2]]],


 [[[-127,  -28,  -74],
   [  -4,  -47,  -29],
   [-101,  -51,    3]],

  [[ -97,   35,   27],
   [ -43,   10,   -5],
   [   9,   32,   14]],

  [[  -3,   12,  -36],
   [ -12,  -10,  -20],
   [ -20,  -17,   -8]],

  [[ -44,   18,  -20],
   [ -18,   30,  -54],
   [  -7,    7,  -20]]],


 [[[   4,   16,   17],
   [  37,   32,   -3],
   [  31,   15,   18]],

  [[  11,   12,   21],
   [ -35,  -15,    4],
   [  -2,    0,   12]],

  [[   2,   -8,    2],
   [   6,  -11,  -30],
   [  26,  127,  -34]],

  [[  -7,  -37,   -4],
   [ -27,  -45,  -45],
   [ -28,   -9,  -95]]]]

=== fc ===
# act_scale=0.10482941567897797, act_zero_point=0
# wt_scales=[0.012031893245875835, 0.01739162765443325, 0.008506443351507187, 0.011093977838754654, 0.0049287392757833, 0.009193488396704197, 0.015821188688278198, 0.010356297716498375, 0.009044663049280643, 0.009329992346465588], wt_zero_points=[0, 0, 0, 0, 0, 0, 0, 0, 0, 0]
[[   6,  -25,  -90,   78,  -17],
 [ -46,   59,  -57,   14,  -65],
 [ -89,   50,  -11,  -15,   62],
 [ -60,   63,   45, -104,   12],
 [  -5,   29,   68,    0,  -95],
 [  18,   -8,  -40,  -91,   80],
 [  -1,    5, -123,   -5,   55],
 [-102,  -50,  121,   56,   -2],
 [  92,   14,  -90,  -98,  -21],
 [  88,  -70,   67,  -52,  -87]]

